100
490 499674 1
3207 523325 2
7668 468727 8
8989 909410 5
2965 769993 4
9324 755359 1
121 121 11
9352 507517 9
5303 577653 4
9385 146808 1
2684 313879 3
4766 385349 3
3263 62970 1
3286 977701 4
0 100 2
5759 165757 6
2035 587687 6
2590 45700 5
1056 45030 4
6760 325542 7
8135 346033 4
5579 763362 2
5630 555906 6
6673 645665 9
3748 207521 4
7558 716225 8
7977 626769 9
9151 163110 6
1002 914907 8
9332 549970 6
886 56750 8
981 265444 4
6153 882984 8
8229 384684 2
10 22322 2
1925 194236 4
1616 875376 6
352 116029 3
8429 327368 2
4945 279540 7
121 131 1
0 132 1
852 514597 2
4153 196591 1
1363 123520 8
4131 988357 1
9628 221919 9
6574 530230 2
121 132 1
1033 109791 2
1813 539974 3
22322 22322 1
39 1000000 3
8764 690922 4
3491 376189 1
2871 611476 1
1000000000 1000000000000000000 1
1209 371972 7
3376 156586 6
9974 603759 9
2789 205886 5
1516 476245 5
9705 834597 8
2851 217912 4
8621 305784 1
6366 921028 2
2519 171840 3
34432 9999920 222
378 659223 5
4827 379304 8
21345 4441283 13
646 753992 3
2739 884729 5
2428 914457 2
3725 832955 1
573 319349 5
6916 519450 6
6311 744038 5
9523 81976 5
4401 792858 5
2228 961000 6
999 99999 78788
2433 588437 7
938 717057 3
7597 115191 5
9412 458712 2
5230 55195 9
5272 393026 2
1396 974496 5
0 1000000000000000000 1000000000
100000 1000000000000000000 3
8892 186601 5
0 1000000000000000000 1
2675 641763 3
258 978067 6
3976 759716 7
2791 674701 5
3825 934105 6
9929 160753 4
7243 39232 6
