100
5
4936439
9999972
10
4572049
6716541
7742461
3
7551991
559513
9999997
8603593
9299449
6865010
9999971
4461643
390548
9
3410821
9999973
8
6463741
592432
9999163
11
5388168
9999162
1
9999999
9999998
5331653
7
6987083
3949061
3929879
6704676
9999931
4170220
9999991
3132736
5094841
9010879
9999996
9325574
9309119
2295773
1750607
86293
8697851
10000000
140839
9999929
6735763
1281246
2360890
9999161
3191803
8291470
2
8460583
2896297
4
3855409
1144
5001361
2872729
2196613
3702389
6537523
9987391
4461642
1507483
4461641
1221469
12
7762723
4125389
6697461
8248729
3023326
615403
1264969
2044523
9999995
9516811
3877633
4046177
9999930
8873129
7203246
928009
5103067
6
9971849
3323191
8184167
13
4751053
3910981
1862603
